Date: from 2016-1-1 to 2018-1-1

每个block 对应一个portfolio size (10, 20, 30, 40, 50)
每个 block 里面横坐标对应 reform_period
纵坐标对应 days_cumulative

portfolio_size = [10, 20, 30, 40, 50]    （portfolio 大小）
days_cumulative = [5, 10, 15, 30, 45, 50, 75, 90]  （每次重组累计计算的时间）
reform_period = [5, 10, 30, 45, 60, 75, 90, 100, 120]  （重组周期）


[
    [
        [2.6626761288199896, 2.1541592563699976, 0.5092798869149988, 1.1090134559449982, 0.23289440239999837, 1.5367774565500043, 0.025031148319998753, -0.13293271106499938, 5.874470031530003], 
        [0.33352427276000207, 0.6381139838150001, 0.036648205764999275, 0.7105272067150001, 0.07737858164499878, -0.16075299597999926, -0.24734465382999948, -0.08659671729999763, 2.186863468480001], 
        [-0.34698621064000035, -0.1706430015050001, 0.07822891944499832, 0.23517549402000126, -0.13337568343499706, -0.07100785930500042, -0.3960332619299991, 0.40164962701500073, 2.1783319880000027], 
        [0.5177360203900023, 1.1212584088150015, 2.073347086949998, 1.7536001741399931, 0.6924311183050014, 1.125541548849998, 1.6855700085000005, 0.17827230419500362, 0.7187142910349955], 
        [0.9746911281850053, 1.2918749877899982, 0.3638353800499996, 0.8908504300000015, 0.4675849054050023, 0.38449657882500055, 2.268910524514995, 0.6800734344050019, 0.7022542148999962], 
        [0.5986885216199993, 0.9832032419300032, 0.6557102014899989, 1.2721697525950018, 0.6842197001800008, 0.508798673849999, 2.576353812344998, 0.36002899494500107, 1.367289755189999], 
        [0.31528937879999996, 0.7405383932949989, 1.1249328606950022, 1.5949321802749994, 0.8558001298750006, 0.9309385831100021, 2.537179632880003, 0.45729391542499775, 1.0403819889249997], 
        [1.055658709114998, 1.3740069551650005, 1.2629320491200007, 1.5225769739050028, 0.9825804016499986, 1.6696273407300017, 2.5463786691199997, 0.8087039109400063, 1.2728993442599967]
    ], 
    [
        [2.774725305919997, 2.6111549734650104, -3.3936702289800067, 0.7915100640800039, 0.8929568923649984, 0.9813135940949962, 1.2276857949250042, 0.25595587652000407, 3.171019541380014],
        [0.5812492243349971, 2.325068223580004, 2.281093798285, 0.6191076981600003, 0.42842932395499655, 0.24941035287999935, 0.8510533289049982, 0.42990591966000524, 2.483329022660005], 
        [2.0989105493450064, 0.3134401030400007, 0.25656955404500037, 0.8691873897000011, 0.135412441749998, 0.6564887282750005, 0.039984270050001935, 0.4576447565099988, 1.8464790227900032], 
        [0.6756561787949986, 0.9531169618549982, 1.5267521638699946, 0.6253698505050014, 0.5281632392600037, 0.7524099138799987, 2.597057090480005, 0.057031663009998734, 1.426389044880001], 
        [0.4554369926850037, 0.5512004340049996, 0.7931776028700006, 1.122546895120001, 0.5341854484900026, 0.5970490798000017, 2.2256138243200025, 0.4133863849000019, 0.5608000293350013], 
        [0.3975475903650021, 0.7511531159350018, 0.5887487331699963, 1.3471944644249998, 0.5330450608350001, 0.7617055872800027, 1.9337693726799987, 0.49738890127000124, 1.0957201619449992], 
        [0.4596339003350043, 0.7711310707199979, 1.196862027674995, 1.0490188650400016, 0.7372976548299979, 0.8243258665199977, 1.4574212641849948, 0.4241995012249973, 1.1647506924700055], 
        [1.0472182612500007, 1.169578138544999, 0.7995056143799997, 1.676995352710001, 0.4359482949249971, 1.3859180864149963, 1.734003572995007, 0.6429933201850033, 0.7950488321349967]
    ], 
    [
        [1.6886882745350067, 1.8587070503800014, -3.8399948886350064, 0.614314085519996, 0.7124481037249988, 0.7339896490349982, 0.8572013466200012, 0.21610638461000153, 2.495348129590002], 
        [0.5824725370549988, 1.6635274687099995, 1.6969156102449952, 0.6831795343500002, 59.137540063190094, 0.3043306004250015, 0.6882004229200005, 0.45038116904500014, 1.771893099009998], 
        [1.8694100022750106, 1.690507703019998, 1.8084063418699992, 0.8187201509449971, 0.34351689677499686, 0.6793741973599985, 0.23362120303000355, 0.4406423209200039, 1.4699890471649941], 
        [0.8567831595250037, 0.8019075695800064, 0.9014863975600045, 0.5811292814150013, 0.8643587703349995, 0.5553050283149978, 1.737362727219994, 0.41860834958500126, 1.5647454669349998], 
        [0.530278390039997, 0.7068272300200003, 0.3957040368500033, 0.9373707851849986, 0.4374519381650013, 0.49322109519499935, 1.4802281880800012, 0.36546264849999965, 0.49311221275499983], 
        [0.3527829937000051, -13.088772834934941, 0.6201310716300035, 0.9462394091350044, 0.5047539270400021, 0.5490169677849974, 1.175634130380001, 0.45630642561499934, 0.7809283948300016], 
        [0.35395218187499844, 0.7473197884450002, 1.1682005393599995, 1.2739873037350016, 0.864490209045006, 0.7969649975799991, 1.4975861519799998, 0.29605811447499897, 0.7893981300649986], 
        [0.9246315166499992, 0.8884101583700021, 0.5900310012649994, 1.2691848176400002, 0.4061310930499995, 0.9572983389449972, 1.3760330663549984, 0.3287050222900003, 1.805356071975003]
    ], 
    [
        [1.2442057320350042, 1.4563847893449977, 0.7212577933549973, 0.45511145584000223, 0.507710735299999, 0.7013507797949996, 0.6754252095099993, 0.6858613429349945, 2.0233106804250025], 
        [0.48961013231999995, 1.4082507286249961, 1.2021962889250024, 0.44100938287000013, 0.24884727195499923, 0.23187554560999946, 0.46325872057499895, 0.44200837848999885, 1.3766213706500001], 
        [1.5023872386399986, 1.5861781241200057, 1.4650415514800028, 0.6611712177799973, 0.2415659887800028, 0.5936808652600039, 0.18717734195000024, 0.49446349306500204, 1.0818326238499973], 
        [0.799297415450003, 0.8701638624599988, 0.8182402926499968, 0.43203601177500195, 0.9065128841800028, 0.45897171109999935, 1.098356464070001, 0.4606133434750024, 1.4823469833650003], 
        [0.47163652340500395, 0.741729325085001, 0.41967361943999926, 0.7898572709249994, 0.37466364381499995, 0.41109302714499907, 1.2901824083399975, 0.5906897652149969, 0.398234050114997], 
        [0.5306108968299996, 0.7624239862500004, 0.6218746999899967, 0.8231480255600014, 0.5082037714099985, 0.4823337705950004, 0.9206479666700016, 0.526108365765001, 1.2591627669449972], 
        [0.5013600072349993, 0.6459696681750005, 1.068153593005003, 1.1836934678999946, 0.6569170213600075, 0.6653717586699976, 1.3607222386050029, 0.1816817170400018, 0.6244956145799989], 
        [0.705072406890001, 0.664026397945001, 0.5019199678799975, 0.9133331526200046, 0.34650723466000133, 0.6234378702000034, 1.0146429665199994, 0.19031934669999684, 1.487167661215003]
    ], 
    [
        [1.1497420683800033, 1.4427268330749952, 0.6651919103300041, 0.49960342826499704, 0.4053582596250003, 0.657915469520002, 0.6989574012999986, 0.7029402691250024, 1.5771773726349996], 
        [0.5375425451949998, 1.328222563449998, 1.2194576875300038, 0.5491180932199975, 0.21823525430499902, 0.3070222775250002, 0.5875522533099977, 0.40140645322500257, 1.1232631719049988], 
        [1.2843642966000042, 1.4546705324049976, 1.216681641504998, 0.5916034975650004, 0.2153655522999991, 0.48577139428500105, 0.5946710701200046, 0.5291646912349988, 0.9137614769099982], 
        [0.929103612549997, 0.942269799494994, 0.7180682335099995, 0.5118894377550014, 0.694641233574999, 0.38913779744499943, 0.9877779797149999, 0.4653512782800022, 1.259784738975001], 
        [0.5386106368650008, 0.6580864321049995, 0.3814308303049949, 0.7198349460399982, 0.5954517315950001, 0.3450668680150022, 1.1508508430499962, 0.8202887562400007, 0.44747107563499977], 
        [0.46502115060500016, 0.5602293048300044, 0.46007695584999997, 0.7084482316350009, 0.38402280732000005, 0.35629076773000024, 0.7587715089550007, 0.5947898527200008, 1.0159711714399937], 
        [0.5325242620699953, 0.49470208321499776, 0.8699793231050035, 0.9565946357549979, 0.6339703517499999, 0.5603023616099967, 1.1037953627349975, 0.2541339510549996, 0.5906992132900004], 
        [0.712979522064999, 0.6898716316399995, 0.6299857488950049, 0.9961853966150016, 0.4489840544950039, 0.605259276725002, 1.0496085734250031, 0.30130622057499545, 1.3146767423000014]
    ]
]