Date: from 2017-1-1 to 2018-1-1

每个block 对应一个portfolio size (10, 20, 30, 40, 50)
每个 block 里面横坐标对应 reform_period
纵坐标对应 days_cumulative

portfolio_size = [10, 20, 30, 40, 50]    （portfolio 大小）
days_cumulative = [5, 10, 15, 30, 45, 50, 75, 90]  （每次重组累计计算的时间）
reform_period = [5, 10, 30, 45, 60, 75, 90, 100, 120]  （重组周期）

比如： 
portfolio_size 取 10， days_cumulative 取30， reform_period 取 10， 对应的结果是 0.09339737142500093; 代表 portfolio 大小 10， 每次重组计算前30天的累计 return，每10天重组一次，最终一年下来 return 是9.3397%

[
    [
        [-0.04168842724000155, -0.17462271241500105, 0.18320748697500155, 0.34769294595, 0.09169795527499969, 0.418824864639999, 0.08056897502500049, 0.0924625135449999, 0.07075559219999938], 
        [-0.29185057944000137, -0.1725864913750016, 0.5736156320899994, 0.29222391796000124, 0.42657327287000024, 0.20077963309000224, 0.2631601314500003, 0.3057067747049993, 0.32216659832499817], 
        [-0.31727369770999936, -0.13702190118000035, 0.18333109491499977, 0.2872115429850002, 0.32158196570499986, 0.23730466722999943, 0.2732578537449999, 0.30960695210999867, 0.09932218192000186], 
        [0.10075572203999883, 0.09339737142500093, 0.35164196233499734, 0.7177540018699968, 0.2587047566299989, 0.22187369728499862, 0.2981626534200006, 0.34520172345, -0.08608318532499903], 
        [0.6981677861450026, 0.637089469619998, 0.8317948363399967, 0.5659545980500009, 0.39681417849999967, 0.6894782535650004, 0.6560350143000004, 0.5724752864300011, 0.2895864990999997], 
        [0.614220246154999, 0.4451156756200001, 0.6790695466149985, 0.5827077052749989, 0.4636334143600014, 0.18967489296499962, 0.5665497271, 0.4795736355499991, 0.34974395401500136], 
        [0.14011704094499944, 0.4279764028250008, 0.5919345133249982, 0.5003867505449999, 0.46698581574999887, 0.2260231863050004, 0.27486875192999927, 0.18769932105000042, 0.3116270809999997], 
        [0.37399059303999893, 0.374217136725002, 0.5067319053450008, 0.6878376308499996, 0.7501009316999976, 0.24209263397500047, 0.3819752895300015, 0.1277285443999996, 0.4892533070999987]
    ], 
    [
        [-0.030459098820000197, 0.01937928955999979, 1.606310871929995, 0.06649193564500089, 1.1446748710650012, 0.2812066960750008, 0.18055523359500092, 0.1470737420999999, 0.07479374327000032], 
        [-0.039430930990004054, -0.03965773377999926, 2.2438718340299992, 0.3656957299950008, 1.5021566398899977, 0.24529058592999875, 0.3290089076049991, 0.36948692053500065, 0.15479178707500107], 
        [-0.1956873913999998, -0.13690014376500093, 0.23779357138499857, 0.3510298380900003, 0.5257608780150014, 0.21739890863999922, 0.30157246309499985, 0.18120651509500196, 0.3909237617499979], 
        [-0.10762954037499939, 0.03012750133999864, 0.13737645077999971, 0.5483433839099998, 0.1577406842599991, 0.10888247583499999, 0.2764305339200004, 0.3027768503549999, 0.03034975560999964], 
        [0.2535487281150022, 0.22706266258500052, 0.46402119068500136, 0.5044526301650016, 0.32818339029500243, 0.46957417672999924, 0.426600727300003, 0.4327744506400013, 0.13494347412499952], 
        [0.19006528535500067, 0.3697210082750013, 0.5125143120800018, 0.5155408963399999, 0.3125933276399995, 0.46395090671499917, 0.35441961638999864, 0.4932111582500003, 0.09762935084999969], 
        [0.4185469211149997, 0.44884292131000025, 0.4730174910700009, 0.4447423289649999, 0.49348133148499973, 0.018158726164998917, 0.3821590534149988, 0.5526706691249952, 0.287136261995], 
        [0.3574475726999975, 0.4288517326050012, 0.42114140827499913, 0.5718713673150004, 0.5884720156750003, 0.08004912259500019, 0.4329952926900007, 0.5260565968599986, 0.2807191647749996]
    ], 
    [
        [0.0845345293499975, 0.07373368293500082, 1.3059249312800008, 0.2671488152299972, 1.3179559114100003, 0.17721306061999864, 0.33380270931000067, 0.19425209194999882, 0.15479142556000092], 
        [0.03572359003499859, 0.08476341133000065, 1.3229987051349994, 1.2881944666799963, 1.2086878084449992, 0.2657958371250002, 0.2809063881000009, 0.2330972035050014, 0.2307322932550011], 
        [0.7163441686600001, 0.9385468961449985, 1.2815278333649975, 0.3057160890800015, 1.3913145451200029, 0.2245544966599995, 0.26937199203999884, 0.21661973846499993, 0.3129204890499986], 
        [-0.09118310864500101, -0.011606099034999984, 0.18442069714999954, 0.5429355103150022, 0.19999850507500017, 0.10704421381499918, 0.30695256040999985, 0.22668919941000043, 0.010664194155001194],
        [0.04524515590000022, 0.040050137395000185, 0.24139189295499963, 0.254585992489998, 0.3134795718049985, 0.3811712067749977, 0.22707589308499831, 0.37394878454999847, 0.06952981367500022], 
        [0.1255846039450006, 0.25861508168999947, 0.49830202105999977, 0.41341095565499897, 0.41099993576000027, 0.3251742980200012, 0.36343609457499926, 0.43901113444999895, 0.09686574733999942], 
        [0.3916142505750002, 0.43761702303500183, 0.47739379087500344, 0.39895107072499947, 0.4473040705200013, 0.1508929318000003, 0.3767028886199981, 0.4071979581749976, 0.25535194055999977], 
        [0.2624106800000001, 0.2913540098400016, 0.43085700423499906, 0.455148660254997, 0.3631888679699977, 0.05510327294499939, 0.3340690112599989, 0.42588245783000134, 0.2164352928699973]
    ], 
    [
        [0.16073518244500007, 0.178200485390003, 1.0333832173549982, 0.331899227269999, 0.921474840074999, 0.26050521948500127, 0.26226380007499994, 0.21136947739000078, 0.10798413218499991], 
        [0.12536360242499933, 0.14513623393499797, 1.0473283995699991, 1.066943451644998, 0.9780697656450004, 0.20088570683000095, 0.2672668900600006, 0.21468269341500057, 0.23793762684000064], 
        [0.5645184670499981, 0.7342333155350005, 0.9054704643849989, 1.2171204298449965, 1.088063926129998, 0.26142321993000084, 0.22697448557000044, 0.1729528050550002, 0.3106466091950022], 
        [0.060974564060001235, 0.048388860039999315, 0.210106668074999, 0.6487091878850009, 0.5471366368549999, 0.13024044841500015, 0.4812415862799986, 0.2238811512899994, 0.11272751131500014], 
        [0.10129159747999905, 0.20474733883999896, 0.2702801319949999, 0.324408557535, 0.31285494675000036, 0.2748761627550014, 0.24280574815999922, 0.39172670911499763, 0.1111371549500002], 
        [0.1517572570199992, 0.2268314958000004, 0.44233370074000034, 0.3413713777700018, 0.33751822343499915, 0.37219707883500064, 0.2584240472850001, 0.34407143174999866, 0.0942440164999998], 
        [0.3892421248749993, 0.3561831917600009, 0.4701809785799991, 0.4651167396499982, 0.4384456058449995, 0.1910553568750002, 0.3972187957249995, 0.41493843519499896, 0.19372666202499933], 
        [0.32532718120500204, 0.3415591356699992, 0.3485767504599997, 0.4358330957199996, 0.30941374810499855, 0.05697480779500119, 0.31213843735500024, 0.36599657532000385, 0.14855508558999864]
    ], 
    [
        [0.17755723900499976, 0.23184336922000037, 0.796457507625, 0.31482252678500044, 0.7996685161349992, 0.2443875341349977, 0.25465571225499994, 0.14571745491500043, 0.20651504894999984], 
        [0.26214006312500104, 0.30969081001999976, 1.3188193454749997, 0.8818205810450028, 0.8197300636299991, 0.1870936273700008, 0.222780020419999, 0.12347663114500129, 0.18717996670000092], 
        [0.504869186834999, 0.6804673274300017, 0.7714723799099985, 0.9454553118349989, 0.8351894068900025, 0.2325076693899979, 0.23161268348500053, 0.12917745556499938, 0.26282021763999985], 
        [0.10109140204999867, 0.08610430926000134, 0.20625716269999916, 0.5034047658699989, 0.45702557856000037, 0.20710810349999975, 0.4045651492200011, 0.21351726018000017, 0.16443029740499937], 
        [0.09865386424500144, 0.22353801264999973, 0.2326671275100014, 0.4406907107750009, 0.4239967273500007, 0.32127343415000076, 0.3820182301249999, 0.32913749253000035, 0.13495005998499998], 
        [0.14061796352999956, 0.1747555778350005, 0.31130723571999974, 0.2665474920000015, 0.2837537500799985, 0.3480673108349992, 0.2570399629500011, 0.2838014855800015, 0.06890403021999969], 
        [0.3966253886349993, 0.32941972266999997, 0.42466396058999756, 0.4245660088299992, 0.3506335643650007, 0.213917871875001, 0.3850749827100002, 0.4123423671400006, 0.16929662437500026], 
        [0.29740534752500025, 0.32453092603500133, 0.33847104722499877, 0.3705882295500016, 0.3249338804900004, 0.05045061749499968, 0.3397998908799993, 0.3438524834650001, 0.15275438428500165]
    ]
]